  72 100770
  70 101199
  55 101332
  53 102060
  55 102313
  77 102727
  45 103818
  46 104333
  57 104502
  42 104596
  42 104665
  67 105754
  43 105768
  64 105780
  39 106024
  53 106140
  34 106703
  42 10676
  50 107187
  77 107328
  50 108593
  40 108663
  45 109047
  58 109291
  35 109382
  45 109551
  67 109597
  26 1097
  59 110516
  53 110669
  58 110795
  67 110977
  68 11120
  46 111214
  93 111288
  43 111528
  38 111782
  65 112236
  55 112510
  76 112917
  38 113149
  43 113248
  41 113829
  28 114042
  98 114094
  61 114111
  78 114170
  56 114364
  64 114509
  53 114950
  34 115094
  63 115299
  46 116078
  50 116498
  47 116651
  40 116676
  57 117135
  53 117154
  52 117473
  40 117628
  42 119265
  52 119476
  44 119700
  67 119719
  39 119874
  34 120117
  50 120192
  54 120516
  51 120711
  36 121087
  64 121115
  47 121496
  34 121649
  37 121650
  49 122411
  42 122976
  42 1230
  46 123466
  53 123888
  43 124112
  33 124437
  60 124800
  65 124887
  38 125046
  68 126045
  65 12646
  46 127416
  38 127678
  54 128158
  62 128636
  57 129752
  51 129865
  63 130319
  54 130437
  37 130461
  43 130614
  45 130728
  44 130739
  50 130799
  38 130811
  48 131854
  78 13191
  41 132315
  43 132388
  41 132716
  39 133117
  40 133493
  70 134433
  53 134503
  54 134690
  54 134903
  59 13542
  40 135450
  63 135652
  58 136092
  57 136238
  49 136354
  59 137081
  83 137443
  42 137878
  56 138408
  38 13841
  41 139342
  48 139512
  57 139667
  25 13990
  65 141153
  54 141173
  64 141237
  61 141345
  48 141468
  38 141502
  41 141749
  52 141757
  84 142033
  55 142096
  54 142888
  69 142988
  47 143069
  62 143074
  38 143440
  49 144769
  45 14522
  59 145908
  34 145973
  75 146353
  54 146476
  51 148052
  53 1481
  56 148163
  45 148486
  39 148940
  59 149434
  42 14991
  66 150946
  58 151566
  35 151909
  61 15247
  83 153094
  41 153657
  61 154565
  39 154621
  55 154810
  36 154936
  79 15660
  46 15690
  32 15789
  42 16872
  37 17885
  60 17904
  61 1806
  53 18230
  50 18689
  40 19715
  78 20240
  38 20287
  52 20532
  61 20544
  64 21286
  32 21720
  50 21762
  45 22442
  63 2280
  86 22818
  47 22968
  35 22996
  42 23060
  38 23077
  53 23731
  62 23930
  53 24034
  43 24108
  66 24464
  40 24771
  64 25400
  49 26268
  46 26568
  68 26618
  46 26864
  36 27281
  55 27915
  53 28795
  59 29195
  56 29374
  41 29485
  27 29678
  74 29874
  77 30366
  53 30371
  58 30554
  47 31830
  40 3190
  41 31985
  43 3212
  74 32514
  44 33711
  40 33816
  60 34136
  58 34291
  47 34318
  42 3450
  36 34697
  47 34744
  30 35417
  43 35452
  84 35505
  56 35677
  36 3578
  47 36080
  44 36195
  25 36430
  44 36485
  44 36736
  69 37122
  61 3723
  54 37653
  33 37654
  17 37789
  73 39503
  32 39729
  69 40768
  47 40908
  62 40959
  39 4131
  54 44178
  72 44982
  49 45739
  44 45976
  40 46025
  40 46411
  36 46877
  44 47320
  68 47492
  63 48073
  51 48340
  55 49333
  46 49640
  53 50034
  32 50375
  41 50382
  50 5116
  40 51962
  42 52549
  34 52666
  81 53186
  52 5410
  62 54383
  67 54593
  53 5494
  46 54944
  41 5512
  44 55279
  82 55462
  49 55513
  46 56354
  45 57204
  72 57278
  66 57717
  56 57832
  55 58242
  30 59148
  58 59380
  38 59382
  44 59395
  52 59446
  29 59721
  59 60473
  60 60643
  59 6160
  49 61600
  38 61747
  79 62121
  40 62377
  28 62630
  38 62905
  60 63768
  88 64166
  65 64325
  35 64417
  47 64744
  67 65142
  57 65385
  48 66084
  62 66987
  31 67028
  29 67245
  51 675
  55 6865
  65 7017
  38 70264
  44 70509
  61 70975
  52 71609
  52 71735
  54 71851
  58 72365
  45 72669
  70 74320
  53 74349
  44 76145
  77 76323
  27 76504
  50 77835
  69 78192
  54 78500
  47 78675
  46 79155
  72 79709
  57 79866
  44 80108
  52 80405
  50 80577
  75 80905
  55 81371
  78 8147
  66 8185
  49 82362
  76 83148
  66 83165
  30 83256
  51 83335
  34 83353
  49 83632
  41 83989
  51 84228
  47 84490
  58 84737
  61 84749
  62 85117
  57 85432
  59 86349
  53 86822
  61 86863
  43 86868
  64 87089
  61 87422
  87 88246
  65 89833
  55 90450
  55 91198
  64 91258
 111 91410
  43 91585
  37 91606
  52 9165
  49 91671
  68 92192
  49 92501
  80 92812
  57 93058
  43 93086
  45 93229
  42 93758
  43 94024
  50 94281
  51 94946
  33 96106
  52 96471
  42 96520
  34 96717
  69 9737
  39 97566
  39 97789
  67 98228
  45 98306
  71 98572
  47 98860
  38 99197
  38 99379
  44 99383
  43 99703
  49 99731
  47 9975
  66 99776
  52 99872
  91 99984
