  12 100770
  16 101199
  30 101332
   8 102060
  28 102313
  14 102727
  17 103818
  15 104333
  11 104502
  12 104596
  18 104665
  11 105754
  18 105768
  15 105780
   8 106024
  12 106140
   4 106703
  17 10676
  15 107187
   8 107328
   6 108593
  14 108663
  13 109047
  13 109291
   7 109382
   8 109551
  15 109597
  12 1097
  28 110516
   8 110669
  11 110795
  22 110977
  14 11120
  12 111214
  21 111288
  15 111528
   9 111782
  14 112236
  16 112510
  32 112917
   7 113149
  16 113248
   3 113829
  13 114042
  22 114094
  14 114111
  14 114170
  13 114364
  12 114509
   7 114950
   6 115094
  10 115299
   9 116078
   8 116498
  14 116651
   8 116676
  11 117135
  10 117154
  18 117473
   4 117628
  14 119265
   6 119476
  15 119700
  17 119719
   9 119874
  13 120117
  13 120192
  25 120516
  13 120711
   1 121087
  10 121115
  11 121496
  12 121649
  13 121650
  10 122411
  14 122976
  12 1230
   4 123466
  10 123888
  13 124112
  10 124437
  12 124800
   6 124887
  24 125046
  26 126045
  15 12646
  10 127416
  12 127678
   8 128158
   8 128636
  15 129752
  13 129865
  10 130319
  14 130437
   8 130461
   3 130614
  11 130728
  10 130739
   8 130799
  11 130811
   7 131854
  31 13191
   6 132315
  10 132388
  13 132716
  19 133117
   8 133493
  14 134433
  11 134503
  14 134690
  17 134903
   8 13542
  13 135450
  12 135652
  10 136092
   8 136238
  12 136354
  10 137081
  14 137443
   4 137878
  19 138408
   4 13841
  16 139342
  11 139512
  15 139667
   7 13990
   9 141153
  18 141173
  24 141237
  16 141345
  14 141468
  18 141502
  18 141749
  10 141757
  19 142033
  11 142096
  20 142888
  29 142988
   9 143069
  19 143074
  16 143440
  13 144769
  12 14522
  14 145908
   8 145973
  16 146353
  13 146476
   8 148052
  14 1481
   8 148163
  12 148486
  14 148940
  11 149434
  28 14991
  18 150946
  18 151566
   8 151909
  11 15247
  16 153094
   8 153657
  14 154565
  11 154621
  14 154810
  16 154936
  12 15660
  11 15690
  13 15789
  11 16872
  11 17885
  18 17904
  11 1806
  24 18230
  12 18689
   9 19715
  22 20240
  16 20287
  11 20532
  18 20544
  21 21286
   8 21720
  11 21762
  12 22442
   9 2280
  21 22818
   6 22968
   7 22996
   7 23060
   7 23077
  19 23731
   9 23930
  20 24034
   8 24108
   7 24464
  12 24771
   8 25400
  11 26268
   8 26568
  16 26618
   4 26864
   6 27281
  15 27915
  17 28795
  21 29195
  12 29374
  13 29485
  11 29678
  28 29874
  17 30366
  15 30371
  13 30554
   7 31830
  11 3190
  12 31985
   7 3212
  26 32514
  14 33711
  16 33816
  11 34136
  21 34291
   9 34318
  11 3450
  14 34697
  13 34744
  12 35417
   9 35452
  16 35505
  18 35677
   5 3578
  17 36080
   6 36195
  16 36430
   7 36485
  11 36736
   6 37122
   9 3723
  15 37653
  13 37654
   3 37789
  12 39503
  15 39729
  10 40768
  22 40908
   8 40959
  17 4131
   7 44178
  12 44982
  10 45739
  14 45976
  11 46025
  18 46411
   6 46877
   9 47320
  13 47492
   8 48073
   8 48340
  13 49333
  10 49640
  26 50034
   9 50375
  13 50382
   9 5116
  14 51962
  14 52549
  12 52666
  10 53186
  16 5410
  10 54383
  10 54593
   9 5494
  12 54944
   9 5512
  11 55279
  18 55462
  18 55513
  15 56354
   9 57204
  22 57278
  19 57717
  12 57832
  17 58242
  14 59148
  14 59380
  12 59382
   8 59395
   9 59446
  11 59721
  14 60473
  13 60643
   7 6160
  16 61600
  14 61747
  20 62121
  16 62377
   5 62630
  11 62905
  14 63768
  16 64166
  24 64325
   5 64417
   9 64744
  16 65142
  12 65385
  12 66084
  14 66987
   7 67028
  11 67245
  19 675
  13 6865
  11 7017
   6 70264
  16 70509
  21 70975
  10 71609
   7 71735
  13 71851
   9 72365
  11 72669
  19 74320
  12 74349
  11 76145
  13 76323
   5 76504
  11 77835
  16 78192
  10 78500
   9 78675
  10 79155
   6 79709
   8 79866
   7 80108
  12 80405
  13 80577
  14 80905
  11 81371
  27 8147
  10 8185
  12 82362
  17 83148
  13 83165
  12 83256
   9 83335
  15 83353
  12 83632
  20 83989
  20 84228
  14 84490
  18 84737
  19 84749
  14 85117
  14 85432
   8 86349
   5 86822
  21 86863
   7 86868
  21 87089
  14 87422
  25 88246
  17 89833
  14 90450
   6 91198
  23 91258
  10 91410
  12 91585
   9 91606
  10 9165
  12 91671
  14 92192
  14 92501
  18 92812
  13 93058
   4 93086
  12 93229
  12 93758
  11 94024
  11 94281
  14 94946
   9 96106
   8 96471
  11 96520
  19 96717
  20 9737
  10 97566
  13 97789
  10 98228
  11 98306
  15 98572
  10 98860
  10 99197
   8 99379
   9 99383
  11 99703
  10 99731
   9 9975
  10 99776
  11 99872
  12 99984
